9 3 8 3 9 2 7 3 6 1 6 0 5 0 4 9 4 0 3 8 3 7 2 7 1 6 1 5 0 5
3 8 3 9 2 7 3 6 1 6 0 5 0 4 9 4 0 3 8 3 7 2 7 1 6 1 5 0 5 8
8 3 9 2 7 3 6 1 6 0 5 0 4 9 4 0 3 8 3 7 2 7 1 6 1 5 0 5 8 4
3 9 2 7 3 6 1 6 0 5 0 4 9 4 0 3 8 3 7 2 7 1 6 1 5 0 5 8 4 9
9 2 7 3 6 1 6 0 5 0 4 9 4 0 3 8 3 7 2 7 1 6 1 5 0 5 8 4 9 4
2 7 3 6 1 6 0 5 0 4 9 4 0 3 8 3 7 2 7 1 6 1 5 0 5 8 4 9 4 8
7 3 6 1 6 0 5 0 4 9 4 0 3 8 3 7 2 7 1 6 1 5 0 5 8 4 9 4 8 3
3 6 1 6 0 5 0 4 9 4 0 3 8 3 7 2 7 1 6 1 5 0 5 8 4 9 4 8 3 8
6 1 6 0 5 0 4 9 4 0 3 8 3 7 2 7 1 6 1 5 0 5 8 4 9 4 8 3 8 2
1 6 0 5 0 4 9 4 0 3 8 3 7 2 7 1 6 1 5 0 5 8 4 9 4 8 3 8 2 7
6 0 5 0 4 9 4 0 3 8 3 7 2 7 1 6 1 5 0 5 8 4 9 4 8 3 8 2 7 2
0 5 0 4 9 4 0 3 8 3 7 2 7 1 6 1 5 0 5 8 4 9 4 8 3 8 2 7 2 5
5 0 4 9 4 0 3 8 3 7 2 7 1 6 1 5 0 5 8 4 9 4 8 3 8 2 7 2 5 1
0 4 9 4 0 3 8 3 7 2 7 1 6 1 5 0 5 8 4 9 4 8 3 8 2 7 2 5 1 6
4 9 4 0 3 8 3 7 2 7 1 6 1 5 0 5 8 4 9 4 8 3 8 2 7 2 5 1 6 9
9 4 0 3 8 3 7 2 7 1 6 1 5 0 5 8 4 9 4 8 3 8 2 7 2 5 1 6 9 5
4 0 3 8 3 7 2 7 1 6 1 5 0 5 8 4 9 4 8 3 8 2 7 2 5 1 6 9 5 0
0 3 8 3 7 2 7 1 6 1 5 0 5 8 4 9 4 8 3 8 2 7 2 5 1 6 9 5 0 5
3 8 3 7 2 7 1 6 1 5 0 5 8 4 9 4 8 3 8 2 7 2 5 1 6 9 5 0 5 8
8 3 7 2 7 1 6 1 5 0 5 8 4 9 4 8 3 8 2 7 2 5 1 6 9 5 0 5 8 4
